Arrivee
1.744235, 6.376395, 6.989207, 8.303605, 8.647362, 11.550386, 12.416646, 12.700263, 14.752138, 17.329713, 18.191365, 18.421472, 20.772512, 21.811215, 24.943807, 25.755223, 26.051482, 26.761537, 28.764244, 29.416204, 33.483305, 34.278837, 36.474787, 37.069309, 39.367551, 41.088181, 43.215820, 46.123936, 55.135529, 55.954805, 56.363384, 59.136392, 62.458224, 62.680679, 63.667506, 70.624295, 70.710764, 71.616466, 72.321456, 72.672618, 73.177058, 75.454587, 77.222783, 77.595662, 81.648289, 87.097375, 88.840361, 89.328787, 93.421557, 97.502386, 99.561428, 99.947038, 101.682534, 105.887828, 106.593926, 109.402581, 110.860082, 113.231224, 117.738161, 118.201327, 125.373707, 128.951965, 135.264833, 138.992624, 139.301614, 141.459661, 143.842245, 147.405553, 147.540270, 148.757394, 148.873996, 150.923678, 155.035616, 155.245495, 155.668931, 156.523359, 160.561379, 163.635043, 164.250860, 165.145912, 165.810310, 165.919944, 166.072449, 166.301629, 169.057274, 171.088192, 172.016580, 172.054248, 176.585693, 178.523286, 183.169725, 

Depart
6.793335, 8.088582, 8.389921, 10.347525, 12.762798, 14.513086, 20.628127, 22.487477, 23.438013, 23.615713, 24.297093, 24.396508, 28.220391, 32.182428, 34.990053, 36.603139, 36.911014, 39.161328, 40.006784, 40.675976, 43.758192, 43.787505, 47.722751, 47.884218, 48.149828, 49.806456, 50.379729, 55.277512, 56.194509, 56.559651, 60.635087, 63.279890, 65.035703, 65.399753, 70.943822, 71.994627, 73.374884, 75.147524, 76.144678, 76.928721, 77.645223, 77.774083, 78.273641, 85.379245, 87.557993, 92.339780, 92.624678, 95.969729, 97.991799, 100.885814, 101.476280, 101.682607, 106.305076, 109.745160, 113.060016, 114.181942, 117.922007, 118.544100, 118.653915, 128.582633, 130.406664, 135.447642, 140.052356, 140.680831, 142.025738, 146.846433, 148.504732, 153.778784, 154.741551, 156.179044, 157.211745, 157.445659, 158.459789, 158.543590, 159.063049, 163.114903, 164.136288, 169.571267, 171.850797, 176.681357, 177.241178, 178.012654, 179.697202, 179.999978, 183.981028, 

Evolution des clients
1.744235 1
1.980529 0
6.376395 1
6.793335 0
6.989207 1
8.088582 0
8.303605 1
8.389921 0
8.647362 1
10.347525 0
11.550386 1
12.416646 2
12.700263 3
12.762798 2
14.513086 1
14.752138 2
17.329713 3
18.191365 4
18.421472 5
20.628127 4
20.772512 5
21.811215 6
22.487477 5
23.438013 4
23.615713 3
24.297093 2
24.396508 1
24.943807 2
25.755223 3
26.051482 4
26.761537 5
28.220391 4
28.764244 5
29.416204 6
32.182428 5
33.483305 6
34.278837 7
34.990053 6
36.474787 7
36.603139 6
36.911014 5
37.069309 6
39.161328 5
39.367551 6
40.006784 5
40.675976 4
41.088181 5
43.215820 6
43.758192 5
43.787505 4
46.123936 5
47.722751 4
47.884218 3
48.149828 2
49.806456 1
50.379729 0
55.135529 1
55.277512 0
55.954805 1
56.194509 0
56.363384 1
56.559651 0
59.136392 1
60.635087 0
62.458224 1
62.680679 2
63.279890 1
63.667506 2
65.035703 1
65.399753 0
70.624295 1
70.710764 2
70.943822 1
71.616466 2
71.994627 1
72.321456 2
72.672618 3
73.177058 4
73.374884 3
75.147524 2
75.454587 3
76.144678 2
76.928721 1
77.222783 2
77.595662 3
77.645223 2
77.774083 1
78.273641 0
81.648289 1
85.379245 0
87.097375 1
87.557993 0
88.840361 1
89.328787 2
92.339780 1
92.624678 0
93.421557 1
95.969729 0
97.502386 1
97.991799 0
99.561428 1
99.947038 2
100.885814 1
101.476280 0
101.682534 1
101.682607 0
105.887828 1
106.305076 0
106.593926 1
109.402581 2
109.745160 1
110.860082 2
113.060016 1
113.231224 2
114.181942 1
117.738161 2
117.922007 1
118.201327 2
118.544100 1
118.653915 0
125.373707 1
128.582633 0
128.951965 1
130.406664 0
135.264833 1
135.447642 0
138.992624 1
139.301614 2
140.052356 1
140.680831 0
141.459661 1
142.025738 0
143.842245 1
146.846433 0
147.405553 1
147.540270 2
148.504732 1
148.757394 2
148.873996 3
150.923678 4
153.778784 3
154.741551 2
155.035616 3
155.245495 4
155.668931 5
156.179044 4
156.523359 5
157.211745 4
157.445659 3
158.459789 2
158.543590 1
159.063049 0
160.561379 1
163.114903 0
163.635043 1
164.136288 0
164.250860 1
165.145912 2
165.810310 3
165.919944 4
166.072449 5
166.301629 6
169.057274 7
169.571267 6
171.088192 7
171.850797 6
172.016580 7
172.054248 8
176.585693 9
176.681357 8
177.241178 7
178.012654 6
178.523286 7
179.697202 6
179.999978 5


Temps d'attente des clients
0 0.236294
1 0.416940
2 1.099375
3 0.086317
4 1.700163
5 1.212412
6 2.096440
7 7.927864
8 7.735339
9 6.108300
10 5.424347
11 5.875621
12 3.623996
13 6.409176
14 7.238620
15 9.234830
16 10.551656
17 10.149477
18 10.397084
19 10.590580
20 7.192671
21 9.479355
22 7.312718
23 10.653442
24 8.516667
25 7.061647
26 6.590636
27 4.255793
28 0.141983
29 0.239704
30 0.196267
31 1.498696
32 0.821666
33 2.355024
34 1.732247
35 0.319527
36 1.283862
37 1.758419
38 2.826068
39 3.472060
40 3.751663
41 2.190636
42 0.551300
43 0.677979
44 3.730955
45 0.460618
46 3.499419
47 3.295891
48 2.548172
49 0.489414
50 1.324386
51 1.529242
52 0.000072
53 0.417247
54 3.151234
55 3.657435
56 3.321861
57 4.690783
58 0.805939
59 0.452588
60 3.208925
61 1.454699
62 0.182809
63 1.059733
64 1.379217
65 0.566077
66 3.004188
67 1.099179
68 6.238513
69 5.984157
70 7.305048
71 6.288067
72 2.410042
73 3.214295
74 2.874659
75 2.539689
76 2.553525
77 0.501245
78 5.320407
79 6.704885
80 10.871047
81 11.321234
82 11.940205
83 13.395573
84 10.942705
85 12.892836
86 0.000000
87 0.000000
88 0.000000
89 0.000000


Moyenne du temps d'attente : 4.204919


Nombre moyen de client dans le système : 1.538462
