Arrivee
0.401257, 2.544920, 4.844802, 5.456543, 5.480207, 5.762557, 5.953931, 7.209994, 7.555891, 7.588232, 10.086959, 11.081215, 11.387350, 11.931375, 12.201083, 15.438760, 16.521840, 17.014400, 18.321406, 18.646185, 18.709851, 19.014473, 19.676880, 20.611683, 21.023559, 22.111284, 22.519986, 22.874002, 22.880014, 22.960766, 23.365574, 23.829915, 23.945245, 24.176708, 24.326546, 24.400169, 24.438409, 26.401714, 26.475069, 27.037376, 27.154332, 27.800124, 30.111170, 30.877987, 31.129625, 32.513476, 32.781855, 32.939031, 33.453306, 34.088202, 37.893523, 39.836239, 40.179896, 40.287714, 42.106454, 42.256605, 43.941184, 45.021668, 45.775346, 46.127627, 46.262022, 48.195661, 49.024705, 49.687376, 49.918937, 50.522651, 50.631677, 50.910260, 51.165639, 51.946185, 52.124295, 52.918896, 53.342760, 54.234716, 54.316858, 54.703949, 56.458054, 56.605308, 57.152786, 58.249044, 58.780669, 62.329542, 62.379094, 62.679468, 63.020753, 63.062004, 63.754493, 65.119505, 65.461758, 65.611157, 67.233760, 68.517310, 68.911157, 69.519614, 70.855102, 72.119780, 72.572144, 73.044743, 74.682714, 75.260817, 75.323256, 75.660988, 77.362408, 77.456292, 77.459385, 77.919605, 78.365178, 78.486626, 78.578570, 78.841268, 79.670949, 80.429601, 81.146561, 81.228998, 81.419431, 81.465137, 81.883355, 81.967686, 82.938912, 83.399672, 83.575490, 84.877451, 85.984274, 86.159513, 87.275208, 88.340541, 89.181078, 89.223971, 89.352912, 91.079470, 91.116114, 91.505490, 91.512287, 91.975744, 92.018632, 94.965697, 95.381410, 95.711083, 96.109417, 97.223720, 98.564014, 99.389663, 103.287448, 105.305862, 105.603266, 106.895985, 107.269137, 108.457978, 110.465659, 111.312187, 111.822772, 112.749375, 113.282467, 114.731797, 115.872016, 116.418067, 117.153435, 117.937111, 118.172363, 120.387280, 123.604201, 123.692864, 123.812910, 124.653253, 124.896335, 126.525699, 126.769095, 127.187240, 127.658124, 128.786984, 129.275844, 131.104824, 131.412791, 133.816990, 134.004620, 134.427948, 134.771704, 136.220322, 136.462579, 138.293418, 139.280486, 140.555692, 141.015463, 141.720970, 142.714161, 143.806893, 144.328775, 144.953855, 147.603762, 147.618541, 149.001027, 149.546728, 150.639237, 151.100505, 152.068385, 152.760745, 153.823292, 154.961366, 156.312318, 156.694626, 156.706543, 157.658363, 159.155659, 160.325189, 161.879563, 162.616769, 164.437033, 164.669256, 164.765027, 164.782447, 165.776411, 165.777376, 166.025067, 166.293457, 166.310576, 166.672286, 166.867101, 168.168365, 171.613775, 172.394515, 173.034784, 173.146625, 173.170770, 176.222815, 177.185381, 181.448762, 

Depart
2.781666, 7.023796, 9.003182, 17.969036, 19.005263, 22.628287, 27.942954, 37.126350, 38.379955, 38.973164, 42.127786, 46.687469, 58.057740, 58.605023, 72.341956, 76.215196, 76.683989, 79.853038, 84.611218, 85.811978, 85.884251, 89.132612, 89.795313, 95.219949, 98.066285, 105.444749, 113.381607, 122.361087, 133.328328, 138.278473, 139.835559, 144.438563, 146.111210, 149.104062, 151.066399, 156.447269, 157.600573, 157.690674, 162.701568, 179.071812, 183.858223, 

Evolution des clients
0.401257 1
1.321052 0
2.544920 1
2.781666 0
4.844802 1
5.456543 2
5.480207 3
5.762557 4
5.953931 5
7.023796 4
7.209994 5
7.555891 6
7.588232 7
9.003182 6
10.086959 7
11.081215 8
11.387350 9
11.931375 10
12.201083 11
15.438760 12
16.521840 13
17.014400 14
17.969036 13
18.321406 14
18.646185 15
18.709851 16
19.005263 15
19.014473 16
19.676880 17
20.611683 18
21.023559 19
22.111284 20
22.519986 21
22.628287 20
22.874002 21
22.880014 22
22.960766 23
23.365574 24
23.829915 25
23.945245 26
24.176708 27
24.326546 28
24.400169 29
24.438409 30
26.401714 31
26.475069 32
27.037376 33
27.154332 34
27.800124 35
27.942954 34
30.111170 35
30.877987 36
31.129625 37
32.513476 38
32.781855 39
32.939031 40
33.453306 41
34.088202 42
37.126350 41
37.893523 42
38.379955 41
38.973164 40
39.836239 41
40.179896 42
40.287714 43
42.106454 44
42.127786 43
42.256605 44
43.941184 45
45.021668 46
45.775346 47
46.127627 48
46.262022 49
46.687469 48
48.195661 49
49.024705 50
49.687376 51
49.918937 52
50.522651 53
50.631677 54
50.910260 55
51.165639 56
51.946185 57
52.124295 58
52.918896 59
53.342760 60
54.234716 61
54.316858 62
54.703949 63
56.458054 64
56.605308 65
57.152786 66
58.057740 65
58.249044 66
58.605023 65
58.780669 66
62.329542 67
62.379094 68
62.679468 69
63.020753 70
63.062004 71
63.754493 72
65.119505 73
65.461758 74
65.611157 75
67.233760 76
68.517310 77
68.911157 78
69.519614 79
70.855102 80
72.119780 81
72.341956 80
72.572144 81
73.044743 82
74.682714 83
75.260817 84
75.323256 85
75.660988 86
76.215196 85
76.683989 84
77.362408 85
77.456292 86
77.459385 87
77.919605 88
78.365178 89
78.486626 90
78.578570 91
78.841268 92
79.670949 93
79.853038 92
80.429601 93
81.146561 94
81.228998 95
81.419431 96
81.465137 97
81.883355 98
81.967686 99
82.938912 100
83.399672 101
83.575490 102
84.611218 101
84.877451 102
85.811978 101
85.884251 100
85.984274 101
86.159513 102
87.275208 103
88.340541 104
89.132612 103
89.181078 104
89.223971 105
89.352912 106
89.795313 105
91.079470 106
91.116114 107
91.505490 108
91.512287 109
91.975744 110
92.018632 111
94.965697 112
95.219949 111
95.381410 112
95.711083 113
96.109417 114
97.223720 115
98.066285 114
98.564014 115
99.389663 116
103.287448 117
105.305862 118
105.444749 117
105.603266 118
106.895985 119
107.269137 120
108.457978 121
110.465659 122
111.312187 123
111.822772 124
112.749375 125
113.282467 126
113.381607 125
114.731797 126
115.872016 127
116.418067 128
117.153435 129
117.937111 130
118.172363 131
120.387280 132
122.361087 131
123.604201 132
123.692864 133
123.812910 134
124.653253 135
124.896335 136
126.525699 137
126.769095 138
127.187240 139
127.658124 140
128.786984 141
129.275844 142
131.104824 143
131.412791 144
133.328328 143
133.816990 144
134.004620 145
134.427948 146
134.771704 147
136.220322 148
136.462579 149
138.278473 148
138.293418 149
139.280486 150
139.835559 149
140.555692 150
141.015463 151
141.720970 152
142.714161 153
143.806893 154
144.328775 155
144.438563 154
144.953855 155
146.111210 154
147.603762 155
147.618541 156
149.001027 157
149.104062 156
149.546728 157
150.639237 158
151.066399 157
151.100505 158
152.068385 159
152.760745 160
153.823292 161
154.961366 162
156.312318 163
156.447269 162
156.694626 163
156.706543 164
157.600573 163
157.658363 164
157.690674 163
159.155659 164
160.325189 165
161.879563 166
162.616769 167
162.701568 166
164.437033 167
164.669256 168
164.765027 169
164.782447 170
165.776411 171
165.777376 172
166.025067 173
166.293457 174
166.310576 175
166.672286 176
166.867101 177
168.168365 178
171.613775 179
172.394515 180
173.034784 181
173.146625 182
173.170770 183
176.222815 184
177.185381 185
179.071812 184


Temps d'attente des clients
0 0.919796
1 0.236747
2 2.178994
3 3.546640
4 12.488829
5 13.242706
6 16.674356
7 20.732959
8 29.570459
9 30.791722
10 28.886205
11 31.046571
12 35.300119
13 46.126365
14 46.403940
15 56.903196
16 59.693356
17 59.669589
18 61.531632
19 65.965033
20 67.102127
21 66.869778
22 69.455732
23 69.183630
24 74.196389
25 75.955001
26 82.924764
27 90.507604
28 99.481072
29 110.367562
30 114.912899
31 116.005644
32 120.493318
33 121.934502
34 124.777516
35 126.666231
36 132.008860
37 131.198859
38 131.215605
39 135.664192
40 151.917479
41 156.058099
42 0.000000
43 0.000000
44 0.000000
45 0.000000
46 0.000000
47 0.000000
48 0.000000
49 0.000000
50 0.000000
51 0.000000
52 0.000000
53 0.000000
54 0.000000
55 0.000000
56 0.000000
57 0.000000
58 0.000000
59 0.000000
60 0.000000
61 0.000000
62 0.000000
63 0.000000
64 0.000000
65 0.000000
66 0.000000
67 0.000000
68 0.000000
69 0.000000
70 0.000000
71 0.000000
72 0.000000
73 0.000000
74 0.000000
75 0.000000
76 0.000000
77 0.000000
78 0.000000
79 0.000000
80 0.000000
81 0.000000
82 0.000000
83 0.000000
84 0.000000
85 0.000000
86 0.000000
87 0.000000
88 0.000000
89 0.000000
90 0.000000
91 0.000000
92 0.000000
93 0.000000
94 0.000000
95 0.000000
96 0.000000
97 0.000000
98 0.000000
99 0.000000
100 0.000000
101 0.000000
102 0.000000
103 0.000000
104 0.000000
105 0.000000
106 0.000000
107 0.000000
108 0.000000
109 0.000000
110 0.000000
111 0.000000
112 0.000000
113 0.000000
114 0.000000
115 0.000000
116 0.000000
117 0.000000
118 0.000000
119 0.000000
120 0.000000
121 0.000000
122 0.000000
123 0.000000
124 0.000000
125 0.000000
126 0.000000
127 0.000000
128 0.000000
129 0.000000
130 0.000000
131 0.000000
132 0.000000
133 0.000000
134 0.000000
135 0.000000
136 0.000000
137 0.000000
138 0.000000
139 0.000000
140 0.000000
141 0.000000
142 0.000000
143 0.000000
144 0.000000
145 0.000000
146 0.000000
147 0.000000
148 0.000000
149 0.000000
150 0.000000
151 0.000000
152 0.000000
153 0.000000
154 0.000000
155 0.000000
156 0.000000
157 0.000000
158 0.000000
159 0.000000
160 0.000000
161 0.000000
162 0.000000
163 0.000000
164 0.000000
165 0.000000
166 0.000000
167 0.000000
168 0.000000
169 0.000000
170 0.000000
171 0.000000
172 0.000000
173 0.000000
174 0.000000
175 0.000000
176 0.000000
177 0.000000
178 0.000000
179 0.000000
180 0.000000
181 0.000000
182 0.000000
183 0.000000
184 0.000000
185 0.000000
186 0.000000
187 0.000000
188 0.000000
189 0.000000
190 0.000000
191 0.000000
192 0.000000
193 0.000000
194 0.000000
195 0.000000
196 0.000000
197 0.000000
198 0.000000
199 0.000000
200 0.000000
201 0.000000
202 0.000000
203 0.000000
204 0.000000
205 0.000000
206 0.000000
207 0.000000
208 0.000000
209 0.000000
210 0.000000
211 0.000000
212 0.000000
213 0.000000
214 0.000000
215 0.000000
216 0.000000
217 0.000000
218 0.000000
219 0.000000
220 0.000000
221 0.000000
222 0.000000
223 0.000000
224 0.000000


Moyenne du temps d'attente : 71.209669


Nombre moyen de client dans le système : -1.250000
