Arrivee
0.343473, 0.804418, 2.547775, 6.641916, 8.559562, 11.526516, 14.783293, 15.400510, 17.172350, 17.305910, 17.866896, 19.788162, 19.845154, 20.578600, 20.751899, 23.526638, 28.645207, 29.475777, 29.686627, 31.526887, 34.207817, 35.041835, 36.256824, 36.731565, 44.443144, 48.974665, 49.065591, 51.260194, 55.381657, 57.096160, 57.309305, 57.743234, 57.771932, 58.628670, 60.390181, 62.451896, 65.436287, 67.468569, 71.217701, 72.644523, 72.877485, 74.464449, 75.150915, 75.375149, 79.904688, 81.834364, 88.696312, 89.529736, 98.372701, 99.066715, 99.073571, 99.350789, 104.105640, 105.724723, 106.273971, 107.736061, 108.734698, 114.092171, 115.181172, 119.912776, 122.893201, 122.940192, 123.616977, 125.467434, 126.948848, 130.284616, 131.057285, 135.119064, 136.013334, 136.422288, 139.210968, 140.553497, 145.198708, 146.404423, 149.177442, 150.396601, 151.200980, 154.991891, 156.162812, 158.216580, 161.373873, 161.412306, 174.657314, 177.632456, 182.505354, 

Depart
8.050400, 8.802509, 8.876410, 12.044660, 12.675248, 14.788140, 18.888787, 21.326805, 22.707830, 23.157609, 23.909756, 25.382401, 26.151162, 26.424700, 27.148932, 28.784336, 31.607250, 36.975465, 37.044244, 37.628084, 38.448255, 40.607981, 41.727696, 46.184519, 49.272250, 51.763548, 52.581129, 56.565573, 58.787222, 59.246687, 59.975209, 60.598265, 61.025741, 61.237696, 63.002906, 69.199575, 70.312792, 71.729424, 73.942530, 74.851969, 77.578721, 78.530985, 78.892147, 81.281856, 84.568546, 89.699404, 91.859061, 98.867553, 102.424695, 102.704368, 103.293095, 104.844204, 106.489766, 108.524466, 109.641007, 111.370508, 115.048935, 116.684329, 120.422974, 125.309150, 130.131571, 131.042842, 131.050318, 132.294447, 132.954347, 134.760578, 135.205974, 138.576201, 138.980241, 140.496617, 140.785530, 147.376051, 151.690882, 152.312596, 152.765353, 154.096342, 155.113037, 158.803683, 160.685498, 161.464303, 161.654900, 175.651731, 177.860402, 183.238149, 

Evolution des clients
0.343473 1
0.804418 2
2.547775 3
2.859654 2
6.641916 3
8.050400 2
8.559562 3
8.802509 2
8.876410 1
11.526516 2
12.044660 1
12.675248 0
14.783293 1
14.788140 0
15.400510 1
17.172350 2
17.305910 3
17.866896 4
18.888787 3
19.788162 4
19.845154 5
20.578600 6
20.751899 7
21.326805 6
22.707830 5
23.157609 4
23.526638 5
23.909756 4
25.382401 3
26.151162 2
26.424700 1
27.148932 0
28.645207 1
28.784336 0
29.475777 1
29.686627 2
31.526887 3
31.607250 2
34.207817 3
35.041835 4
36.256824 5
36.731565 6
36.975465 5
37.044244 4
37.628084 3
38.448255 2
40.607981 1
41.727696 0
44.443144 1
46.184519 0
48.974665 1
49.065591 2
49.272250 1
51.260194 2
51.763548 1
52.581129 0
55.381657 1
56.565573 0
57.096160 1
57.309305 2
57.743234 3
57.771932 4
58.628670 5
58.787222 4
59.246687 3
59.975209 2
60.390181 3
60.598265 2
61.025741 1
61.237696 0
62.451896 1
63.002906 0
65.436287 1
67.468569 2
69.199575 1
70.312792 0
71.217701 1
71.729424 0
72.644523 1
72.877485 2
73.942530 1
74.464449 2
74.851969 1
75.150915 2
75.375149 3
77.578721 2
78.530985 1
78.892147 0
79.904688 1
81.281856 0
81.834364 1
84.568546 0
88.696312 1
89.529736 2
89.699404 1
91.859061 0
98.372701 1
98.867553 0
99.066715 1
99.073571 2
99.350789 3
102.424695 2
102.704368 1
103.293095 0
104.105640 1
104.844204 0
105.724723 1
106.273971 2
106.489766 1
107.736061 2
108.524466 1
108.734698 2
109.641007 1
111.370508 0
114.092171 1
115.048935 0
115.181172 1
116.684329 0
119.912776 1
120.422974 0
122.893201 1
122.940192 2
123.616977 3
125.309150 2
125.467434 3
126.948848 4
130.131571 3
130.284616 4
131.042842 3
131.050318 2
131.057285 3
132.294447 2
132.954347 1
134.760578 0
135.119064 1
135.205974 0
136.013334 1
136.422288 2
138.576201 1
138.980241 0
139.210968 1
140.496617 0
140.553497 1
140.785530 0
145.198708 1
146.404423 2
147.376051 1
149.177442 2
150.396601 3
151.200980 4
151.690882 3
152.312596 2
152.765353 1
154.096342 0
154.991891 1
155.113037 0
156.162812 1
158.216580 2
158.803683 1
160.685498 0
161.373873 1
161.412306 2
161.464303 1
161.654900 0
174.657314 1
175.651731 0
177.632456 1
177.860402 0


Temps d'attente des clients
0 2.516181
1 7.245982
2 6.254734
3 2.234494
4 3.485098
5 1.148732
6 0.004847
7 3.488277
8 4.154455
9 5.401920
10 5.290713
11 4.121594
12 5.537247
13 5.572561
14 5.672800
15 3.622293
16 0.139129
17 2.131473
18 7.288837
19 5.517357
20 3.420267
21 3.406420
22 4.351157
23 4.996131
24 1.741374
25 0.297586
26 2.697957
27 1.320934
28 1.183916
29 1.691063
30 1.937382
31 2.231976
32 2.826333
33 2.397071
34 0.847515
35 0.551010
36 3.763289
37 2.844223
38 0.511723
39 1.298007
40 1.974485
41 3.114272
42 3.380070
43 3.516998
44 1.377167
45 2.734182
46 1.003092
47 2.329325
48 0.494852
49 3.357980
50 3.630796
51 3.942305
52 0.738564
53 0.765044
54 2.250495
55 1.904946
56 2.635810
57 0.956764
58 1.503158
59 0.510198
60 2.415949
61 7.191378
62 7.425865
63 5.582884
64 5.345599
65 2.669731
66 3.703293
67 0.086909
68 2.562867
69 2.557952
70 1.285649
71 0.232033
72 2.177343
73 5.286459
74 3.135154
75 2.368752
76 2.895362
77 0.121146
78 2.640871
79 2.468918
80 0.090430
81 0.242594
82 0.994417
83 0.227946


Moyenne du temps d'attente : 2.749691


Nombre moyen de client dans le système : 1.500000
