Arrivee
0.199128, 0.323448, 0.933748, 1.065205, 2.107195, 4.029098, 4.484668, 5.900685, 6.492121, 7.028917, 11.125680, 12.786628, 12.848647, 14.286969, 18.276845, 18.927983, 20.489461, 20.765828, 21.310280, 26.080325, 26.237460, 26.427368, 26.902134, 27.388429, 29.697454, 30.614149, 30.990397, 31.090036, 31.202841, 32.355440, 33.361081, 34.404063, 34.733333, 36.354964, 38.708594, 39.607419, 41.867987, 43.259807, 46.149254, 46.438975, 50.130912, 50.272977, 50.559413, 50.637175, 51.965497, 55.354747, 55.750198, 57.659647, 58.213732, 59.062234, 60.368162, 63.075593, 63.614904, 64.658789, 65.640172, 66.110207, 68.272808, 68.478578, 68.479138, 68.930593, 69.701307, 71.332502, 72.584931, 75.532557, 81.851852, 82.796179, 83.328504, 84.157711, 84.184012, 84.422815, 85.735495, 86.874978, 88.929880, 89.461432, 90.554084, 91.818703, 95.297492, 98.113241, 101.533993, 105.971894, 109.624961, 110.078653, 116.321169, 116.420209, 119.866134, 122.577677, 125.170711, 126.754171, 128.306194, 132.903144, 137.097955, 137.682876, 138.109792, 142.250987, 142.939276, 146.210646, 147.522670, 149.068879, 151.853588, 151.985803, 152.032321, 153.287826, 153.443183, 153.528503, 155.354783, 155.714960, 156.844344, 157.584310, 158.563081, 162.563227, 162.611501, 162.945992, 163.101405, 163.213732, 163.486470, 164.836170, 166.334080, 173.884437, 177.797567, 178.163653, 179.164935, 179.906574, 182.593410, 

Depart
8.961334, 9.111793, 12.004189, 12.327182, 13.487435, 14.556705, 15.414539, 15.695394, 16.294163, 16.577153, 16.742892, 17.271281, 22.224220, 25.643973, 27.464353, 29.099301, 31.070844, 31.767515, 33.759000, 34.583387, 35.909198, 39.567710, 40.797945, 41.968816, 48.270560, 50.109160, 54.367545, 55.627019, 55.780802, 56.050145, 57.876325, 58.383502, 61.186178, 61.761756, 62.132392, 66.380986, 68.265110, 70.200940, 70.756185, 70.820796, 71.759144, 74.592570, 76.933871, 81.842102, 82.414344, 84.519567, 85.019408, 85.482539, 85.977423, 87.228963, 87.996375, 88.170345, 89.040081, 90.370474, 93.459860, 93.579470, 98.439294, 99.662774, 101.568942, 103.443004, 103.984854, 104.333718, 111.315800, 112.887634, 113.199456, 114.187817, 115.391115, 115.725957, 116.109875, 116.445629, 118.629746, 121.965636, 123.419994, 124.729055, 125.449348, 125.786086, 126.013535, 128.373195, 128.746045, 134.007177, 139.167681, 140.576900, 142.022825, 143.932988, 145.271607, 147.236589, 148.218007, 149.191557, 150.031449, 151.245693, 151.535730, 152.745279, 153.974795, 154.115096, 164.320838, 164.538752, 164.586459, 164.713200, 165.516096, 165.673525, 168.071613, 168.078329, 170.616101, 171.644920, 172.402558, 172.707713, 173.602753, 173.834054, 173.988860, 174.291245, 174.837557, 177.230387, 178.483268, 180.138438, 

Evolution des clients
0.199128 1
0.323448 2
0.933748 3
1.065205 4
2.107195 5
2.778315 4
4.029098 5
4.484668 6
5.900685 7
6.492121 8
7.028917 9
8.961334 8
9.111793 7
11.125680 8
12.004189 7
12.327182 6
12.786628 7
12.848647 8
13.487435 7
14.286969 8
14.556705 7
15.414539 6
15.695394 5
16.294163 4
16.577153 3
16.742892 2
17.271281 1
18.276845 2
18.927983 3
20.489461 4
20.765828 5
21.310280 6
22.224220 5
25.643973 4
26.080325 5
26.237460 6
26.427368 7
26.902134 8
27.388429 9
27.464353 8
29.099301 7
29.697454 8
30.614149 9
30.990397 10
31.070844 9
31.090036 10
31.202841 11
31.767515 10
32.355440 11
33.361081 12
33.759000 11
34.404063 12
34.583387 11
34.733333 12
35.909198 11
36.354964 12
38.708594 13
39.567710 12
39.607419 13
40.797945 12
41.867987 13
41.968816 12
43.259807 13
46.149254 14
46.438975 15
48.270560 14
50.109160 13
50.130912 14
50.272977 15
50.559413 16
50.637175 17
51.965497 18
54.367545 17
55.354747 18
55.627019 17
55.750198 18
55.780802 17
56.050145 16
57.659647 17
57.876325 16
58.213732 17
58.383502 16
59.062234 17
60.368162 18
61.186178 17
61.761756 16
62.132392 15
63.075593 16
63.614904 17
64.658789 18
65.640172 19
66.110207 20
66.380986 19
68.265110 18
68.272808 19
68.478578 20
68.479138 21
68.930593 22
69.701307 23
70.200940 22
70.756185 21
70.820796 20
71.332502 21
71.759144 20
72.584931 21
74.592570 20
75.532557 21
76.933871 20
81.842102 19
81.851852 20
82.414344 19
82.796179 20
83.328504 21
84.157711 22
84.184012 23
84.422815 24
84.519567 23
85.019408 22
85.482539 21
85.735495 22
85.977423 21
86.874978 22
87.228963 21
87.996375 20
88.170345 19
88.929880 20
89.040081 19
89.461432 20
90.370474 19
90.554084 20
91.818703 21
93.459860 20
93.579470 19
95.297492 20
98.113241 21
98.439294 20
99.662774 19
101.533993 20
101.568942 19
103.443004 18
103.984854 17
104.333718 16
105.971894 17
109.624961 18
110.078653 19
111.315800 18
112.887634 17
113.199456 16
114.187817 15
115.391115 14
115.725957 13
116.109875 12
116.321169 13
116.420209 14
116.445629 13
118.629746 12
119.866134 13
121.965636 12
122.577677 13
123.419994 12
124.729055 11
125.170711 12
125.449348 11
125.786086 10
126.013535 9
126.754171 10
128.306194 11
128.373195 10
128.746045 9
132.903144 10
134.007177 9
137.097955 10
137.682876 11
138.109792 12
139.167681 11
140.576900 10
142.022825 9
142.250987 10
142.939276 11
143.932988 10
145.271607 9
146.210646 10
147.236589 9
147.522670 10
148.218007 9
149.068879 10
149.191557 9
150.031449 8
151.245693 7
151.535730 6
151.853588 7
151.985803 8
152.032321 9
152.745279 8
153.287826 9
153.443183 10
153.528503 11
153.974795 10
154.115096 9
155.354783 10
155.714960 11
156.844344 12
157.584310 13
158.563081 14
162.563227 15
162.611501 16
162.945992 17
163.101405 18
163.213732 19
163.486470 20
164.320838 19
164.538752 18
164.586459 17
164.713200 16
164.836170 17
165.516096 16
165.673525 15
166.334080 16
168.071613 15
168.078329 14
170.616101 13
171.644920 12
172.402558 11
172.707713 10
173.602753 9
173.834054 8
173.884437 9
173.988860 8
174.291245 7
174.837557 6
177.230387 5
177.797567 6
178.163653 7
178.483268 6
179.164935 7
179.906574 8


Temps d'attente des clients
0 2.579187
1 8.637885
2 8.178044
3 10.938985
4 10.219986
5 9.458337
6 10.072037
7 9.513854
8 9.203273
9 9.265246
10 5.451473
11 3.956264
12 4.422634
13 7.937251
14 7.367128
15 8.536371
16 8.609840
17 10.305016
18 10.457235
19 7.678675
20 8.345928
21 9.481830
22 12.665576
23 13.409516
24 12.271361
25 17.656411
26 19.118763
27 23.277510
28 24.424178
29 23.425362
30 22.689063
31 23.472262
32 23.650169
33 24.831214
34 23.053162
35 22.524973
36 24.512999
37 25.005303
38 24.051686
39 24.317210
40 20.689884
41 21.486168
42 24.033157
43 26.296696
44 29.876605
45 27.059597
46 28.769369
47 27.359761
48 27.268806
49 26.915190
50 26.860802
51 24.920782
52 24.555441
53 24.381292
54 24.730302
55 27.349653
56 25.306662
57 29.960715
58 31.183636
59 32.638349
60 33.741697
61 32.652352
62 31.748787
63 35.783243
64 31.035782
65 30.403277
66 30.859313
67 31.233404
68 31.541946
69 31.687060
70 30.710133
71 31.754769
72 33.035756
73 33.958562
74 34.174971
75 33.630645
76 30.488595
77 27.900294
78 26.839202
79 22.774151
80 24.382216
81 29.089027
82 24.255731
83 25.602615
84 24.066854
85 22.693930
86 22.065878
87 21.463836
88 20.885363
89 17.128305
90 14.147739
91 13.852854
92 14.635488
93 11.723808
94 11.175820
95 18.110192
96 17.016082
97 15.517579
98 12.859612
99 13.530293
100 13.641204
101 14.783787
102 14.635147
103 17.087598
104 16.290136
105 16.687598
106 15.863370
107 16.018443
108 15.270973
109 11.425633
110 11.679744
111 11.891566
112 14.128982
113 15.269536
114 16.651967
115 0.000000
116 0.000000
117 0.000000
118 0.000000
119 0.000000
120 0.000000
121 0.000000


Moyenne du temps d'attente : 20.157382


Nombre moyen de client dans le système : 9.000000
