Resultats des tests de fréquence
VN, MT, AES, RANDFORT, RANDFAIBLE
0.000000 0.452472 0.274040 0.851269 0.302424
0.000000 0.472662 0.314696 0.573775 0.179029
0.000000 0.479500 0.842361 0.595246 0.802587
0.000000 0.991185 0.033895 1.000000 0.302424
0.000000 0.264464 0.314696 0.573775 0.189351
0.000000 0.127334 0.816523 0.925308 0.222939
0.000000 0.885792 0.938353 0.348501 0.826845
0.000000 0.851014 0.388805 0.260589 0.110992
0.000000 0.220053 0.619059 0.472295 0.150576
0.000000 0.439287 0.132942 0.091507 0.364804
0.000000 0.264464 0.130115 0.826845 0.332670
0.000000 0.920791 0.336440 0.950165 0.826845
0.000000 0.991185 0.264464 0.159650 0.091507
0.000000 0.885792 0.199972 0.802587 0.150576
0.000000 0.790882 0.611290 0.595246 0.826845
0.000000 0.432778 0.004842 0.179029 0.975070
0.000000 0.715409 0.426326 0.060793 0.332670
0.000000 0.500336 0.543406 0.364804 0.189351
0.000000 0.982371 0.707177 0.617075 0.684559
0.000000 0.894524 0.642620 0.595246 0.288009


Resultats des tests des runs
VN, MT, AES, RANDFORT, RANDFAIBLE
0.000000 0.740296 0.419912 0.024448 0.950152
0.000000 0.859682 0.842357 0.150544 0.684427
0.000000 0.047960 0.088853 0.875827 0.595240
0.000000 0.543406 0.825091 0.332670 0.159542
0.000000 0.634712 0.543394 0.900516 1.000000
0.000000 0.682668 0.445851 0.826844 0.178872
0.000000 0.868371 0.690816 0.851237 0.302418
0.000000 0.707176 0.024199 0.222796 0.247286
0.000000 0.521623 0.964749 0.875820 0.434424
0.000000 0.748655 0.109123 0.364470 0.159566
0.000000 0.066635 0.215893 0.731031 0.511567
0.000000 0.452471 0.309394 0.039160 0.260583
0.000000 0.536102 0.174139 0.052570 0.316974
0.000000 0.920791 0.359103 0.302416 0.802490
0.000000 0.698978 0.174152 0.802574 0.595241
0.000000 0.401074 0.731909 0.826770 0.200106
0.000000 1.000000 0.486384 0.247173 0.826806
0.000000 0.207831 0.715406 0.234937 0.317107
0.000000 0.698979 0.029512 0.416476 0.595231
0.000000 0.698979 0.611288 0.826833 0.056550


Arrivee
1.009099, 2.091043, 4.160265, 4.387859, 5.714880, 7.487290, 8.978905, 12.101763, 14.474091, 17.723366, 22.839481, 23.335156, 25.807864, 26.738701, 27.584110, 34.721928, 42.140078, 50.070075, 54.419917, 55.700384, 56.760186, 57.516684, 68.008782, 74.108186, 75.106051, 77.148675, 79.759960, 81.789132, 82.138040, 89.044892, 91.277572, 92.848323, 97.674769, 98.884362, 99.876402, 100.955369, 102.891701, 104.658282, 107.265590, 107.366064, 109.783738, 121.279589, 123.238266, 123.962470, 127.871661, 128.080057, 129.767583, 129.794059, 135.206381, 142.858425, 144.101047, 148.141692, 149.228118, 152.510362, 155.469666, 155.545185, 157.373114, 162.723071, 162.871034, 164.150431, 169.311628, 169.746920, 173.278235, 175.621474, 178.109893, 181.142531, 

Depart
2.524720, 6.344658, 7.063803, 7.125537, 9.130742, 10.814197, 16.063310, 16.156234, 20.268082, 24.650638, 30.870862, 31.345291, 32.774416, 34.709278, 36.143981, 45.498563, 50.980977, 56.307888, 58.050285, 58.276171, 58.817182, 68.050424, 74.243995, 75.514791, 78.898964, 86.651289, 87.980495, 88.343447, 89.146686, 91.301798, 93.415033, 101.534966, 102.961734, 103.595641, 104.989641, 105.198060, 105.964742, 109.008484, 109.817776, 110.136177, 121.702508, 125.488340, 125.745511, 128.951875, 129.228154, 131.082680, 131.144606, 135.207540, 142.865553, 144.774551, 150.715799, 150.941252, 153.274395, 157.432656, 161.467563, 162.635871, 163.141384, 163.618260, 164.739784, 170.360946, 172.398442, 175.458915, 178.166686, 178.219075, 182.719589, 

Evolution des clients
1.009099 1
1.020479 0
2.091043 1
2.524720 0
4.160265 1
4.387859 2
5.714880 3
6.344658 2
7.063803 1
7.125537 0
7.487290 1
8.978905 2
9.130742 1
10.814197 0
12.101763 1
14.474091 2
16.063310 1
16.156234 0
17.723366 1
20.268082 0
22.839481 1
23.335156 2
24.650638 1
25.807864 2
26.738701 3
27.584110 4
30.870862 3
31.345291 2
32.774416 1
34.709278 0
34.721928 1
36.143981 0
42.140078 1
45.498563 0
50.070075 1
50.980977 0
54.419917 1
55.700384 2
56.307888 1
56.760186 2
57.516684 3
58.050285 2
58.276171 1
58.817182 0
68.008782 1
68.050424 0
74.108186 1
74.243995 0
75.106051 1
75.514791 0
77.148675 1
78.898964 0
79.759960 1
81.789132 2
82.138040 3
86.651289 2
87.980495 1
88.343447 0
89.044892 1
89.146686 0
91.277572 1
91.301798 0
92.848323 1
93.415033 0
97.674769 1
98.884362 2
99.876402 3
100.955369 4
101.534966 3
102.891701 4
102.961734 3
103.595641 2
104.658282 3
104.989641 2
105.198060 1
105.964742 0
107.265590 1
107.366064 2
109.008484 1
109.783738 2
109.817776 1
110.136177 0
121.279589 1
121.702508 0
123.238266 1
123.962470 2
125.488340 1
125.745511 0
127.871661 1
128.080057 2
128.951875 1
129.228154 0
129.767583 1
129.794059 2
131.082680 1
131.144606 0
135.206381 1
135.207540 0
142.858425 1
142.865553 0
144.101047 1
144.774551 0
148.141692 1
149.228118 2
150.715799 1
150.941252 0
152.510362 1
153.274395 0
155.469666 1
155.545185 2
157.373114 3
157.432656 2
161.467563 1
162.635871 0
162.723071 1
162.871034 2
163.141384 1
163.618260 0
164.150431 1
164.739784 0
169.311628 1
169.746920 2
170.360946 1
172.398442 0
173.278235 1
175.458915 0
175.621474 1
178.109893 2
178.166686 1
178.219075 0


Temps d'attente des clients
0 0.011381
1 0.433677
2 2.184392
3 2.675943
4 1.410657
5 1.643451
6 1.835293
7 3.961547
8 1.682143
9 2.544715
10 1.811157
11 7.535707
12 5.537427
13 6.035715
14 7.125168
15 1.422053
16 3.358486
17 0.910902
18 1.887971
19 2.349901
20 1.515986
21 1.300497
22 0.041642
23 0.135808
24 0.408740
25 1.750289
26 6.891329
27 6.191362
28 6.205407
29 0.101794
30 0.024226
31 0.566710
32 3.860197
33 4.077372
34 3.719239
35 4.034272
36 2.306358
37 1.306460
38 1.742894
39 2.451712
40 0.352440
41 0.422919
42 2.250074
43 1.783041
44 1.080214
45 1.148097
46 1.315097
47 1.350546
48 0.001159
49 0.007127
50 0.673504
51 2.574107
52 1.713134
53 0.764033
54 1.962990
55 5.922377
56 5.262757
57 0.418314
58 0.747227
59 0.589354
60 1.049318
61 2.651522
62 2.180680
63 2.545212
64 0.109182


Moyenne du temps d'attente : 2.213299


Nombre moyen de client dans le système : 1.538462
