Arrivee
1.069783, 5.774222, 6.671526, 9.787754, 10.326179, 10.460959, 11.031718, 11.302479, 12.659261, 18.999368, 19.979281, 24.319695, 27.335392, 27.706412, 28.159202, 28.907518, 29.252396, 30.788437, 36.242109, 39.116597, 39.318705, 39.669990, 40.491272, 42.094814, 42.844599, 45.975737, 48.430277, 51.345709, 55.366737, 56.192942, 56.281063, 57.563105, 58.585754, 59.566622, 62.886962, 66.799318, 67.334773, 67.589631, 67.964561, 69.303654, 70.216089, 74.354211, 76.080496, 80.611300, 80.831974, 82.922984, 83.280398, 84.843186, 86.911105, 88.701895, 90.026185, 91.075809, 100.113977, 100.892566, 104.832216, 106.791124, 109.516114, 112.403741, 112.535589, 114.993939, 115.867430, 116.160564, 116.798118, 116.927868, 120.402730, 121.091117, 124.561310, 126.515955, 129.249687, 130.382747, 131.002330, 133.850577, 139.276379, 141.174160, 142.010609, 147.345278, 148.022423, 155.052285, 155.255754, 155.389296, 155.460078, 163.583264, 166.325964, 167.790873, 168.214845, 169.716082, 169.784969, 169.985054, 172.808106, 173.627067, 174.008744, 175.884041, 178.148172, 178.345794, 182.514505, 

Depart
6.047291, 10.535962, 11.777615, 11.797757, 11.899560, 12.459519, 13.507216, 15.399548, 19.085506, 22.039251, 26.285150, 27.387084, 28.333838, 32.098679, 34.905535, 35.855943, 36.517078, 36.685067, 39.840847, 41.615054, 42.036465, 43.653091, 45.160704, 46.481546, 47.180519, 51.722570, 52.118035, 55.728571, 56.947756, 57.411389, 58.553952, 60.733234, 61.832450, 63.568855, 66.972371, 67.807509, 68.512827, 68.709260, 69.984074, 71.528197, 75.026697, 79.804277, 83.202769, 83.800051, 87.027513, 91.255028, 92.765171, 92.771307, 93.420880, 93.586531, 94.602790, 100.701614, 102.397224, 105.872175, 107.467929, 109.756045, 112.413173, 113.586176, 115.607209, 116.362674, 117.444547, 119.359412, 119.938932, 121.297308, 123.781094, 124.924118, 130.066518, 130.251761, 131.073102, 132.168501, 134.323358, 139.959172, 141.350454, 142.371156, 148.217395, 148.477193, 156.118694, 158.388507, 159.565938, 161.735082, 166.380224, 171.367712, 173.181986, 175.213038, 177.004011, 178.089063, 179.789906, 180.229555, 

Evolution des clients
0: 1.069783
1: 2.895573
0: 5.774222
1: 6.047291
0: 6.671526
1: 10.535962
0: 9.787754
1: 11.777615
0: 10.326179
1: 11.797757
0: 10.460959
1: 11.899560
0: 11.031718
1: 12.459519
0: 11.302479
1: 13.507216
0: 12.659261
1: 15.399548
0: 18.999368
1: 19.085506
0: 19.979281
1: 22.039251
0: 24.319695
1: 26.285150
0: 27.335392
1: 27.387084
0: 27.706412
1: 28.333838
0: 28.159202
1: 32.098679
0: 28.907518
1: 34.905535
0: 29.252396
1: 35.855943
0: 30.788437
1: 36.517078
0: 36.242109
1: 36.685067
0: 39.116597
1: 39.840847
0: 39.318705
1: 41.615054
0: 39.669990
1: 42.036465
0: 40.491272
1: 43.653091
0: 42.094814
1: 45.160704
0: 42.844599
1: 46.481546
0: 45.975737
1: 47.180519
0: 48.430277
1: 51.722570
0: 51.345709
1: 52.118035
0: 55.366737
1: 55.728571
0: 56.192942
1: 56.947756
0: 56.281063
1: 57.411389
0: 57.563105
1: 58.553952
0: 58.585754
1: 60.733234
0: 59.566622
1: 61.832450
0: 62.886962
1: 63.568855
0: 66.799318
1: 66.972371
0: 67.334773
1: 67.807509
0: 67.589631
1: 68.512827
0: 67.964561
1: 68.709260
0: 69.303654
1: 69.984074
0: 70.216089
1: 71.528197
0: 74.354211
1: 75.026697
0: 76.080496
1: 79.804277
0: 80.611300
1: 83.202769
0: 80.831974
1: 83.800051
0: 82.922984
1: 87.027513
0: 83.280398
1: 91.255028
0: 84.843186
1: 86.911105
2: 88.701895
3: 90.026185
4: 91.075809
5: 100.113977


