Arrivee
0.314420, 7.721955, 9.009459, 12.804657, 16.402908, 17.561144, 17.845485, 21.589618, 23.153866, 23.681244, 23.875589, 26.664226, 32.095319, 33.025679, 33.538240, 38.181661, 42.843061, 45.930736, 46.219137, 46.255235, 46.278218, 56.953027, 58.490827, 63.381273, 65.501221, 78.644379, 82.381435, 86.895290, 87.073267, 87.646590, 92.526426, 93.841472, 94.343556, 94.435714, 98.857540, 99.158824, 99.323793, 101.037785, 101.819106, 106.427697, 106.508343, 108.932898, 109.771393, 111.242407, 112.469791, 113.672138, 116.549670, 116.884579, 121.281916, 122.348737, 122.501626, 127.647131, 130.108539, 130.283970, 136.093062, 136.533514, 138.101377, 141.169221, 143.064095, 146.155868, 146.559691, 150.402934, 153.323997, 160.445026, 161.261136, 164.147251, 168.469971, 169.361865, 176.603637, 177.506044, 178.207593, 181.520279, 

Depart
8.749235, 9.813701, 12.896509, 17.582339, 18.862461, 19.078665, 22.279421, 23.829956, 24.324284, 25.144179, 28.835169, 34.553720, 35.128164, 39.650993, 40.626574, 43.732223, 46.852431, 47.696974, 47.912390, 51.089034, 57.120669, 60.976975, 65.464501, 68.022733, 79.029151, 82.688836, 88.563757, 90.618723, 90.692916, 94.219072, 95.851958, 96.209046, 96.257426, 99.475075, 104.557047, 108.653351, 109.247854, 109.259179, 110.091475, 111.696938, 112.236424, 113.733201, 116.787840, 116.835939, 118.506100, 119.784782, 120.366741, 123.659164, 125.190959, 125.845447, 129.413201, 130.337147, 130.756976, 136.372110, 138.865998, 139.130594, 142.856027, 144.284682, 146.318264, 148.512327, 151.798618, 155.492034, 161.586964, 169.440994, 170.101963, 170.456500, 171.005925, 177.484375, 179.536036, 181.161626, 

Evolution des clients
0.314420 1
0.400539 0
7.721955 1
8.749235 0
9.009459 1
9.813701 0
12.804657 1
12.896509 0
16.402908 1
17.561144 2
17.582339 1
17.845485 2
18.862461 1
19.078665 0
21.589618 1
22.279421 0
23.153866 1
23.681244 2
23.829956 1
23.875589 2
24.324284 1
25.144179 0
26.664226 1
28.835169 0
32.095319 1
33.025679 2
33.538240 3
34.553720 2
35.128164 1
38.181661 2
39.650993 1
40.626574 0
42.843061 1
43.732223 0
45.930736 1
46.219137 2
46.255235 3
46.278218 4
46.852431 3
47.696974 2
47.912390 1
51.089034 0
56.953027 1
57.120669 0
58.490827 1
60.976975 0
63.381273 1
65.464501 0
65.501221 1
68.022733 0
78.644379 1
79.029151 0
82.381435 1
82.688836 0
86.895290 1
87.073267 2
87.646590 3
88.563757 2
90.618723 1
90.692916 0
92.526426 1
93.841472 2
94.219072 1
94.343556 2
94.435714 3
95.851958 2
96.209046 1
96.257426 0
98.857540 1
99.158824 2
99.323793 3
99.475075 2
101.037785 3
101.819106 4
104.557047 3
106.427697 4
106.508343 5
108.653351 4
108.932898 5
109.247854 4
109.259179 3
109.771393 4
110.091475 3
111.242407 4
111.696938 3
112.236424 2
112.469791 3
113.672138 4
113.733201 3
116.549670 4
116.787840 3
116.835939 2
116.884579 3
118.506100 2
119.784782 1
120.366741 0
121.281916 1
122.348737 2
122.501626 3
123.659164 2
125.190959 1
125.845447 0
127.647131 1
129.413201 0
130.108539 1
130.283970 2
130.337147 1
130.756976 0
136.093062 1
136.372110 0
136.533514 1
138.101377 2
138.865998 1
139.130594 0
141.169221 1
142.856027 0
143.064095 1
144.284682 0
146.155868 1
146.318264 0
146.559691 1
148.512327 0
150.402934 1
151.798618 0
153.323997 1
155.492034 0
160.445026 1
161.261136 2
161.586964 1
164.147251 2
168.469971 3
169.361865 4
169.440994 3
170.101963 2
170.456500 1
171.005925 0
176.603637 1
177.484375 0
177.506044 1
178.207593 2
179.536036 1


Temps d'attente des clients
0 0.086119
1 1.027280
2 0.804242
3 0.091852
4 1.179430
5 1.301316
6 1.233180
7 0.689803
8 0.676089
9 0.643039
10 1.268590
11 2.170944
12 2.458401
13 2.102485
14 6.112753
15 2.444913
16 0.889162
17 0.921695
18 1.477837
19 1.657154
20 4.810816
21 0.167642
22 2.486148
23 2.083228
24 2.521513
25 0.384772
26 0.307401
27 1.668467
28 3.545456
29 3.046326
30 1.692647
31 2.010487
32 1.865490
33 1.821712
34 0.617534
35 5.398223
36 9.329558
37 8.210069
38 7.440074
39 3.663778
40 5.188595
41 3.303526
42 3.961808
43 5.545433
44 4.366148
45 4.833962
46 3.235111
47 3.482162
48 2.377248
49 2.842222
50 3.343821
51 1.766071
52 0.228608
53 0.473006
54 0.279049
55 2.332484
56 1.029218
57 1.686807
58 1.220587
59 0.162397
60 1.952635
61 1.395684
62 2.168037
63 1.141939
64 8.179858
65 5.954712
66 1.986529
67 1.644060
68 0.880739
69 2.029991
70 2.954033


Moyenne du temps d'attente : 2.454283


Nombre moyen de client dans le système : 1.500000
