Arrivee
0.536035, 2.163908, 3.583488, 4.433524, 4.885813, 6.025180, 7.527024, 8.328936, 16.541043, 18.782850, 18.928720, 19.156406, 20.546008, 22.369850, 22.756156, 26.239022, 28.763864, 30.198049, 32.000735, 33.319906, 34.492891, 36.620413, 38.609350, 39.331196, 41.289997, 41.949940, 45.149497, 47.219690, 49.048320, 50.737393, 51.763685, 56.134533, 57.853437, 60.416738, 64.645275, 65.912710, 66.346190, 66.873748, 67.002591, 67.423277, 71.315333, 71.619514, 72.227305, 73.615781, 79.933098, 81.169545, 85.991100, 86.656724, 87.031114, 92.161234, 92.197661, 94.440600, 95.443814, 96.304915, 97.956952, 99.126796, 100.229917, 101.529383, 101.757472, 101.967083, 102.538221, 102.910523, 106.133130, 109.916255, 110.562759, 110.952865, 111.213586, 112.988865, 113.092004, 114.128306, 114.156264, 114.249706, 114.955760, 115.281187, 115.997261, 116.467540, 116.482408, 120.634033, 121.734026, 122.783830, 124.598683, 126.714209, 129.273134, 130.245306, 131.611886, 132.812507, 133.533656, 133.608002, 133.820211, 135.251720, 135.695781, 137.792415, 139.048230, 139.164161, 142.650920, 142.968191, 148.566376, 151.202601, 153.489285, 154.479377, 155.489770, 157.583102, 159.529609, 160.484953, 161.790705, 163.311745, 164.876723, 165.264864, 165.511777, 166.602340, 168.064917, 168.164105, 171.228858, 171.423070, 172.975892, 174.296942, 175.146553, 176.080343, 177.923469, 184.483938, 

Depart
3.036780, 4.846770, 4.898408, 7.119633, 7.317975, 10.731805, 12.806216, 17.165570, 20.156807, 20.956949, 21.386380, 23.480623, 23.641251, 24.462660, 30.359434, 32.511081, 33.848495, 34.150774, 34.957028, 35.475481, 39.052104, 40.175210, 40.337595, 41.342899, 43.251360, 45.677656, 49.109216, 49.875830, 50.767506, 55.045887, 56.324608, 57.907493, 61.387454, 67.276558, 68.808583, 68.851741, 69.119298, 72.938482, 77.756176, 79.390420, 80.327540, 81.484542, 83.595071, 87.769977, 88.841829, 89.535341, 89.880096, 90.466328, 94.460441, 95.691913, 96.965428, 99.596676, 100.135664, 101.824038, 102.246003, 102.934815, 103.003601, 103.250844, 105.960352, 110.589073, 110.959221, 111.313984, 112.026883, 113.788773, 117.259330, 121.389940, 121.976579, 122.067242, 123.662024, 124.902730, 125.497683, 125.851027, 126.030096, 126.387207, 128.446065, 131.641384, 136.059909, 136.676069, 138.680598, 139.127205, 141.167075, 142.371573, 143.245381, 143.449735, 144.206844, 144.323706, 148.539353, 149.420820, 150.859152, 151.024576, 152.819695, 154.823447, 155.838221, 157.453192, 157.454092, 158.289007, 162.077211, 164.687484, 164.779091, 165.255522, 166.744327, 169.983502, 171.902650, 172.590757, 181.695207, 

Evolution des clients
0: 0.536035
1: 1.560901
0: 2.163908
1: 3.036780
0: 3.583488
1: 4.846770
0: 4.433524
1: 4.898408
0: 4.885813
1: 7.119633
0: 6.025180
1: 7.317975
0: 7.527024
1: 10.731805
0: 8.328936
1: 12.806216
0: 16.541043
1: 17.165570
0: 18.782850
1: 20.156807
0: 18.928720
1: 20.956949
0: 19.156406
1: 21.386380
0: 20.546008
1: 23.480623
0: 22.369850
1: 23.641251
0: 22.756156
1: 24.462660
0: 26.239022
1: 30.359434
0: 28.763864
1: 32.511081
0: 30.198049
1: 33.848495
0: 32.000735
1: 34.150774
0: 33.319906
1: 34.957028
0: 34.492891
1: 35.475481
0: 36.620413
1: 39.052104
0: 38.609350
1: 40.175210
0: 39.331196
1: 40.337595
0: 41.289997
1: 41.342899
0: 41.949940
1: 43.251360
0: 45.149497
1: 45.677656
0: 47.219690
1: 49.109216
0: 49.048320
1: 49.875830
0: 50.737393
1: 50.767506
0: 51.763685
1: 55.045887
0: 56.134533
1: 56.324608
0: 57.853437
1: 57.907493
0: 60.416738
1: 61.387454
0: 64.645275
1: 67.276558
0: 65.912710
1: 68.808583
0: 66.346190
1: 68.851741
0: 66.873748
1: 69.119298
0: 67.002591
1: 72.938482
0: 67.423277
1: 77.756176
0: 71.315333
1: 79.390420
0: 71.619514
1: 80.327540
0: 72.227305
1: 81.484542
0: 73.615781
1: 83.595071
0: 79.933098
1: 87.769977
0: 81.169545
1: 88.841829
0: 85.991100
1: 89.535341
0: 86.656724
1: 89.880096
0: 87.031114
1: 90.466328
0: 92.161234
1: 94.460441
0: 92.197661
1: 95.691913
0: 94.440600
1: 96.965428
0: 95.443814
1: 99.596676
0: 96.304915
1: 100.135664
0: 97.956952
1: 101.824038
0: 99.126796
1: 102.246003
0: 100.229917
1: 102.934815
0: 101.529383
1: 103.003601
0: 101.757472
1: 103.250844
0: 101.967083
1: 105.960352
0: 102.538221
1: 110.589073
0: 102.910523
1: 106.133130
2: 109.916255
3: 110.562759
4: 110.952865
5: 111.213586
6: 112.988865
7: 113.092004
8: 114.128306
9: 114.156264
10: 114.249706
11: 114.955760
12: 115.281187
13: 115.997261
14: 116.467540
15: 116.482408
16: 120.634033


